1,2019-01-01 00:46:40,2019-01-01 00:53:20,1,1.50,1,N,151,239,1,7,0.5,0.5,1.65,0,0.3,9.95,
1,2019-01-01 00:59:47,2019-01-01 01:18:59,1,2.60,1,N,239,246,1,14,0.5,0.5,1,0,0.3,16.3,
2,2018-12-21 13:48:30,2018-12-21 13:52:40,3,.00,1,N,236,236,1,4.5,0.5,0.5,0,0,0.3,5.8,
2,2018-11-28 15:52:25,2018-11-28 15:55:45,5,.00,1,N,193,193,2,3.5,0.5,0.5,0,0,0.3,7.55,
2,2018-11-28 15:56:57,2018-11-28 15:58:33,5,.00,2,N,193,193,2,52,0,0.5,0,0,0.3,55.55,
2,2018-11-28 16:25:49,2018-11-28 16:28:26,5,.00,1,N,193,193,2,3.5,0.5,0.5,0,5.76,0.3,13.31,
2,2018-11-28 16:29:37,2018-11-28 16:33:43,5,.00,2,N,193,193,2,52,0,0.5,0,0,0.3,55.55,
1,2019-01-01 00:21:28,2019-01-01 00:28:37,1,1.30,1,N,163,229,1,6.5,0.5,0.5,1.25,0,0.3,9.05,
1,2019-01-01 00:32:01,2019-01-01 00:45:39,1,3.70,1,N,229,7,1,13.5,0.5,0.5,3.7,0,0.3,18.5,
1,2019-01-01 00:57:32,2019-01-01 01:09:32,2,2.10,1,N,141,234,1,10,0.5,0.5,1.7,0,0.3,13,
1,2019-01-01 00:24:04,2019-01-01 00:47:06,2,2.80,1,N,246,162,1,15,0.5,0.5,3.25,0,0.3,19.55,
1,2019-01-01 00:21:59,2019-01-01 00:28:24,1,.70,1,N,238,151,1,5.5,0.5,0.5,1.7,0,0.3,8.5,
1,2019-01-01 00:45:21,2019-01-01 01:31:05,1,8.70,1,N,163,25,1,34.5,0.5,0.5,7.15,0,0.3,42.95,
1,2019-01-01 00:43:19,2019-01-01 01:07:42,1,6.30,1,N,224,25,1,21.5,0.5,0.5,5.7,0,0.3,28.5,
1,2019-01-01 00:58:24,2019-01-01 01:15:18,1,2.70,1,N,141,234,1,13,0.5,0.5,1,0,0.3,15.3,
2,2019-01-01 00:23:14,2019-01-01 00:25:40,1,.38,1,N,170,170,2,3.5,0.5,0.5,0,0,0.3,4.8,
2,2019-01-01 00:39:51,2019-01-01 00:48:02,1,.55,1,N,170,170,1,6.5,0.5,0.5,1.95,0,0.3,9.75,
2,2019-01-01 00:46:00,2019-01-01 00:49:07,1,.30,1,N,107,107,1,4,0.5,0.5,1.06,0,0.3,6.36,
2,2019-01-01 00:57:45,2019-01-01 01:03:51,1,1.42,1,N,170,141,1,6.5,0.5,0.5,1.56,0,0.3,9.36,
2,2019-01-01 00:16:16,2019-01-01 00:25:57,1,1.72,1,N,41,247,2,9,0.5,0.5,0,0,0.3,10.3,